# x[kpc]  phi[kpc (km/s)^2]
2.343750e+00 -1.278067e+05
7.031250e+00 -1.180408e+05
1.171875e+01 -1.085644e+05
1.640625e+01 -1.003786e+05
2.109375e+01 -9.343081e+04
2.578125e+01 -8.749869e+04
3.046875e+01 -8.233203e+04
3.515625e+01 -7.778764e+04
3.984375e+01 -7.376230e+04
4.453125e+01 -7.016175e+04
4.921875e+01 -6.693480e+04
5.390625e+01 -6.397778e+04
5.859375e+01 -6.129557e+04
6.328125e+01 -5.884551e+04
6.796875e+01 -5.658132e+04
7.265625e+01 -5.447352e+04
7.734375e+01 -5.253576e+04
8.203125e+01 -5.073544e+04
8.671875e+01 -4.904585e+04
9.140625e+01 -4.746332e+04
9.609375e+01 -4.597432e+04
1.007812e+02 -4.458201e+04
1.054688e+02 -4.326625e+04
1.101562e+02 -4.202060e+04
1.148438e+02 -4.084367e+04
1.195312e+02 -3.973002e+04
1.242188e+02 -3.867124e+04
1.289062e+02 -3.766835e+04
1.335938e+02 -3.671382e+04
1.382812e+02 -3.580327e+04
1.429688e+02 -3.493105e+04
1.476562e+02 -3.409571e+04
1.523438e+02 -3.329295e+04
1.570312e+02 -3.252344e+04
1.617188e+02 -3.178873e+04
1.664062e+02 -3.108162e+04
1.710938e+02 -3.040413e+04
1.757812e+02 -2.975051e+04
1.804688e+02 -2.912290e+04
1.851562e+02 -2.851942e+04
1.898438e+02 -2.793417e+04
1.945312e+02 -2.736607e+04
1.992188e+02 -2.682139e+04
2.039062e+02 -2.629216e+04
2.085938e+02 -2.578332e+04
2.132812e+02 -2.528913e+04
2.179688e+02 -2.481104e+04
2.226562e+02 -2.434787e+04
2.273438e+02 -2.389644e+04
2.320312e+02 -2.346140e+04
2.367188e+02 -2.303817e+04
2.414062e+02 -2.262798e+04
2.460938e+02 -2.223073e+04
2.507812e+02 -2.184386e+04
2.554688e+02 -2.146830e+04
2.601562e+02 -2.110445e+04
2.648438e+02 -2.074944e+04
2.695312e+02 -2.040403e+04
2.742188e+02 -2.006834e+04
2.789062e+02 -1.974253e+04
2.835938e+02 -1.942595e+04
2.882812e+02 -1.911877e+04
2.929688e+02 -1.881807e+04
2.976562e+02 -1.852624e+04
