# x[kpc]  phi[kpc (km/s)^2]
2.343750e+00 -1.199982e+05
7.031250e+00 -1.150879e+05
1.171875e+01 -1.070879e+05
1.640625e+01 -9.958779e+04
2.109375e+01 -9.295998e+04
2.578125e+01 -8.717382e+04
3.046875e+01 -8.210672e+04
3.515625e+01 -7.764116e+04
3.984375e+01 -7.364468e+04
4.453125e+01 -7.007504e+04
4.921875e+01 -6.684285e+04
5.390625e+01 -6.392849e+04
5.859375e+01 -6.125206e+04
6.328125e+01 -5.879946e+04
6.796875e+01 -5.653836e+04
7.265625e+01 -5.445030e+04
7.734375e+01 -5.251221e+04
8.203125e+01 -5.071151e+04
8.671875e+01 -4.902397e+04
9.140625e+01 -4.744452e+04
9.609375e+01 -4.596446e+04
1.007812e+02 -4.456756e+04
1.054688e+02 -4.325349e+04
1.101562e+02 -4.201172e+04
1.148438e+02 -4.083616e+04
1.195312e+02 -3.971989e+04
1.242188e+02 -3.866815e+04
1.289062e+02 -3.766647e+04
1.335938e+02 -3.671089e+04
1.382812e+02 -3.579836e+04
1.429688e+02 -3.492739e+04
1.476562e+02 -3.409184e+04
1.523438e+02 -3.329045e+04
1.570312e+02 -3.252360e+04
1.617188e+02 -3.178696e+04
1.664062e+02 -3.108152e+04
1.710938e+02 -3.040334e+04
1.757812e+02 -2.974986e+04
1.804688e+02 -2.912030e+04
1.851562e+02 -2.851307e+04
1.898438e+02 -2.793153e+04
1.945312e+02 -2.736627e+04
1.992188e+02 -2.681789e+04
2.039062e+02 -2.629033e+04
2.085938e+02 -2.578114e+04
2.132812e+02 -2.528764e+04
2.179688e+02 -2.481052e+04
2.226562e+02 -2.434632e+04
2.273438e+02 -2.389625e+04
2.320312e+02 -2.345915e+04
2.367188e+02 -2.303766e+04
2.414062e+02 -2.262766e+04
2.460938e+02 -2.222893e+04
2.507812e+02 -2.184313e+04
2.554688e+02 -2.146780e+04
2.601562e+02 -2.110279e+04
2.648438e+02 -2.074927e+04
2.695312e+02 -2.040378e+04
2.742188e+02 -2.006809e+04
2.789062e+02 -1.974226e+04
2.835938e+02 -1.942585e+04
2.882812e+02 -1.911713e+04
2.929688e+02 -1.881787e+04
2.976562e+02 -1.852605e+04
