# x[kpc]  phi[kpc (km/s)^2]
0.000000e+00 -5.895662e+04
4.761905e+00 -5.887663e+04
9.523810e+00 -5.861132e+04
1.428571e+01 -5.818007e+04
1.904762e+01 -5.759495e+04
2.380952e+01 -5.686809e+04
2.857143e+01 -5.602172e+04
3.333333e+01 -5.507806e+04
3.809524e+01 -5.408056e+04
4.285714e+01 -5.301139e+04
4.761905e+01 -5.190366e+04
5.238095e+01 -5.077501e+04
5.714286e+01 -4.963823e+04
6.190476e+01 -4.849197e+04
6.666667e+01 -4.736600e+04
7.142857e+01 -4.625217e+04
7.619048e+01 -4.517143e+04
8.095238e+01 -4.408164e+04
8.571429e+01 -4.303416e+04
9.047619e+01 -4.201439e+04
9.523810e+01 -4.102605e+04
1.000000e+02 -4.006482e+04
1.047619e+02 -3.913415e+04
1.095238e+02 -3.823775e+04
1.142857e+02 -3.736047e+04
1.190476e+02 -3.651374e+04
1.238095e+02 -3.569982e+04
1.285714e+02 -3.490936e+04
1.333333e+02 -3.414373e+04
1.380952e+02 -3.340272e+04
1.428571e+02 -3.269218e+04
1.476190e+02 -3.200252e+04
1.523810e+02 -3.133991e+04
1.571429e+02 -3.068273e+04
1.619048e+02 -3.005596e+04
1.666667e+02 -2.944914e+04
1.714286e+02 -2.885943e+04
1.761905e+02 -2.828614e+04
1.809524e+02 -2.773263e+04
1.857143e+02 -2.719592e+04
1.904762e+02 -2.667330e+04
1.952381e+02 -2.616685e+04
2.000000e+02 -2.567512e+04
2.047619e+02 -2.519928e+04
2.095238e+02 -2.473919e+04
2.142857e+02 -2.429023e+04
2.190476e+02 -2.385437e+04
2.238095e+02 -2.343208e+04
2.285714e+02 -2.301735e+04
2.333333e+02 -2.261503e+04
2.380952e+02 -2.222423e+04
2.428571e+02 -2.184320e+04
2.476190e+02 -2.147276e+04
2.523810e+02 -2.111285e+04
2.571429e+02 -2.076344e+04
2.619048e+02 -2.042143e+04
2.666667e+02 -2.008997e+04
2.714286e+02 -1.976821e+04
2.761905e+02 -1.945379e+04
2.809524e+02 -1.914853e+04
2.857143e+02 -1.885332e+04
2.904762e+02 -1.856235e+04
2.952381e+02 -1.827968e+04
3.000000e+02 -1.800486e+04
